32 0.20 123863.0
111 0.68 475093.0
94 0.56 709609.0
21 0.14 184241.0
107 0.74 647747.0
111 0.68 225149.0
88 0.56 577067.0
190 1.18 189019.0
77 0.54 717551.0
500 3.24 129499.0
271 2.14 864299.0
500 3.08 557801.0
339 2.16 244547.0
69 0.40 69929.0
43 0.28 265561.0
17 0.10 60943.0
216 1.40 417457.0
500 3.12 199151.0
62 0.34 31379.0
155 1.02 59539.0
43 0.30 422479.0
256 1.60 442207.0
500 3.08 205421.0
500 3.16 91921.0
500 3.26 152363.0
62 0.42 562711.0
75 0.48 25247.0
319 3.06 882263.0
69 0.50 715909.0
500 3.24 949889.0
99 0.60 510401.0
157 0.96 692729.0
178 1.08 636403.0
199 1.18 486943.0
268 1.86 911837.0
47 0.30 256337.0
145 0.96 568189.0
112 0.72 48907.0
14 0.16 874721.0
69 0.46 221723.0
40 0.22 180239.0
147 0.92 99391.0
269 1.66 501997.0
91 0.66 118873.0
91 0.52 521137.0
85 0.52 262069.0
24 0.16 327689.0
71 0.42 147083.0
157 0.96 566719.0
315 2.16 61561.0
122 0.74 66449.0
62 0.42 53507.0
136 0.90 136319.0
33 0.26 426779.0
296 1.84 239611.0
20 0.14 147503.0
96 0.78 556987.0
254 1.58 319727.0
30 0.20 898213.0
157 1.06 456581.0
14 0.14 333101.0
17 0.16 364571.0
18 0.14 590207.0
156 1.12 167077.0
93 0.56 230117.0
86 0.60 747673.0
65 0.40 693493.0
104 0.72 175991.0
114 0.78 466121.0
199 1.22 625367.0
84 0.50 570043.0
182 1.34 34361.0
19 0.10 372409.0
226 1.40 213149.0
66 0.40 190507.0
12 0.10 109847.0
83 0.56 573161.0
79 0.56 396377.0
337 2.00 862159.0
66 0.38 758941.0
36 0.30 159787.0
418 2.66 853049.0
13 0.14 851449.0
38 0.20 819629.0
31 0.18 919129.0
116 0.70 33347.0
81 1.48 627547.0
115 0.78 63527.0
500 2.94 517511.0
140 1.00 90863.0
205 1.20 644227.0
97 0.62 768203.0
12 0.12 188437.0
31 0.20 762761.0
23 0.14 781567.0
163 0.96 393007.0
61 0.38 100183.0
211 1.38 289381.0
39 0.26 547301.0
49 0.42 242807.0
53 0.36 204101.0
12 0.12 188437.0
39 0.26 208667.0
